1000 10000
970 689
117 991
243 108
507 395
845 504
820 715
873 381
453 359
386 711
810 455
148 259
967 492
765 263
52 34
59 411
702 634
494 723
884 107
815 918
230 969
160 828
341 777
134 763
231 83
557 258
898 481
531 930
611 879
608 330
983 340
636 235
889 456
994 787
141 462
531 237
901 748
502 80
515 24
942 495
750 366
541 657
192 231
624 50
631 52
218 738
346 587
973 260
975 393
278 882
546 513
753 711
232 628
910 333
85 881
450 776
139 479
800 243
717 289
97 489
299 457
138 439
406 176
757 296
798 956
467 377
25 971
465 974
519 376
736 724
68 796
273 256
646 174
344 648
1000 726
552 873
703 486
528 289
626 834
997 62
783 834
224 934
707 341
113 872
178 936
876 987
681 472
651 30
871 308
260 568
307 711
285 273
818 100
557 136
280 314
468 566
937 586
525 818
224 383
611 703
744 358
539 692
177 174
825 946
534 681
413 835
404 899
518 440
509 739
935 500
302 87
338 728
694 181
659 894
480 880
494 746
874 400
476 5
15 421
425 764
706 428
745 345
797 203
637 648
992 410
992 965
205 186
936 916
68 995
689 89
579 177
763 193
344 926
287 160
922 990
245 228
885 630
979 58
724 326
721 80
67 601
528 411
933 435
52 482
196 43
527 930
664 337
577 988
282 441
45 220
593 448
541 66
613 6
912 70
929 765
547 672
958 138
958 86
166 145
408 762
102 981
94 779
312 985
792 523
472 624
204 616
229 388
496 919
90 917
122 6
126 736
282 272
473 18
242 839
392 421
884 236
626 875
389 827
372 768
425 174
745 565
999 846
766 425
454 177
638 131
32 624
298 550
558 480
539 884
116 812
762 390
287 441
800 194
492 866
729 823
418 229
359 453
203 469
412 432
687 681
160 287
842 749
164 240
167 344
437 782
165 286
237 437
121 519
703 53
723 752
170 845
949 728
688 658
906 181
575 73
932 952
215 737
65 38
413 861
830 360
871 400
748 70
209 737
818 136
72 202
251 941
286 555
818 391
693 724
739 742
934 35
316 28
948 635
988 977
5 30
962 9
593 67
537 106
878 723
739 170
763 33
555 489
172 161
752 458
453 531
415 976
139 263
431 863
391 378
747 656
636 850
139 217
779 287
517 172
108 387
171 183
216 883
660 980
357 430
943 546
938 901
188 75
340 492
494 159
696 705
23 994
969 450
402 361
420 203
679 571
338 208
562 485
759 192
365 670
641 387
511 789
466 301
861 527
194 715
720 534
366 525
39 742
941 517
414 570
165 64
399 510
442 690
592 534
607 807
86 343
864 311
201 540
246 833
311 725
92 483
949 355
795 393
331 254
225 996
304 882
15 829
62 263
794 131
566 73
561 985
479 616
761 811
524 64
838 242
428 819
164 301
486 669
957 499
211 945
459 319
894 323
87 331
594 165
43 80
484 525
542 621
281 239
646 982
848 607
154 215
947 98
504 537
794 278
485 443
608 63
323 477
170 363
856 42
6 920
37 116
40 228
123 20
75 726
29 409
238 171
994 8
916 147
249 510
33 893
595 235
689 224
931 487
275 996
449 73
847 296
895 373
860 573
931 357
149 259
159 772
221 899
277 127
624 452
503 101
523 210
390 752
471 876
433 388
586 821
809 480
983 661
474 475
727 328
13 753
712 784
324 470
485 455
508 642
742 263
874 445
513 677
328 284
745 763
951 709
334 493
537 424
821 447
599 303
122 13
536 199
443 379
11 463
110 646
615 801
182 195
937 703
482 350
751 295
383 229
875 306
751 814
353 241
81 222
132 297
683 364
485 329
870 190
446 201
177 570
110 261
473 463
774 826
999 109
588 121
801 754
797 754
462 103
561 370
796 315
137 920
517 566
268 180
298 192
891 921
389 466
89 317
381 349
967 255
166 979
191 504
728 115
815 957
786 824
352 964
773 724
184 892
117 249
109 434
110 728
43 890
147 94
839 907
293 964
837 525
409 966
959 63
667 382
295 540
203 961
40 278
901 442
343 959
445 262
655 947
466 440
870 394
546 358
698 372
830 788
440 589
920 759
718 588
202 300
807 919
657 178
519 977
378 134
656 119
620 206
372 447
606 567
611 745
74 450
424 466
2 365
567 263
282 799
106 280
230 374
189 69
717 356
878 133
182 758
433 700
690 591
610 300
83 949
940 512
451 939
594 813
288 303
516 850
7 740
188 210
190 242
786 687
950 589
485 457
369 340
722 519
632 914
74 821
224 258
567 55
790 447
671 213
785 346
85 911
303 384
612 627
66 610
373 28
780 190
899 301
537 38
773 647
885 120
892 656
670 462
405 757
362 975
9 336
364 766
43 333
771 817
378 882
387 13
536 837
632 151
730 195
832 78
409 949
745 368
471 165
371 666
406 27
207 276
542 801
441 739
662 957
9 41
373 504
296 586
57 418
553 985
240 536
478 747
349 81
277 33
413 46
594 804
490 528
686 548
96 558
280 970
950 718
708 806
375 196
177 299
761 98
824 346
582 135
473 701
122 954
168 941
132 704
376 877
313 717
390 977
612 504
922 529
418 505
321 778
742 535
495 183
136 925
579 876
492 206
899 659
224 737
34 899
701 654
607 718
266 305
375 193
621 406
950 553
316 302
930 372
955 201
257 406
478 45
956 733
58 837
147 175
655 157
955 163
544 45
950 757
782 797
554 510
74 208
260 11
858 44
542 684
614 121
319 432
819 319
250 687
23 525
850 936
150 431
404 437
437 976
381 28
957 721
70 990
970 728
829 5
301 996
398 794
974 23
9 557
390 406
918 25
484 942
790 158
183 335
84 409
275 413
421 857
463 860
995 915
502 956
408 169
869 677
361 230
341 349
40 677
232 751
343 19
658 631
226 657
728 364
556 215
612 964
901 710
636 22
794 476
679 988
293 501
521 864
991 504
673 408
899 520
49 293
141 852
878 544
259 618
730 110
611 439
814 414
197 113
619 808
162 617
858 633
397 835
954 124
544 40
819 155
851 182
121 990
785 926
67 275
539 751
172 118
969 417
138 651
533 892
525 842
419 498
594 266
103 66
137 50
205 782
443 484
6 288
392 130
745 392
568 821
257 905
704 260
278 397
728 506
142 6
666 236
349 959
717 513
411 458
236 258
549 587
633 627
22 828
77 723
352 314
540 57
685 993
316 663
579 380
311 684
568 15
930 660
433 56
253 27
865 571
459 387
385 61
524 761
99 627
434 798
931 741
32 797
872 757
666 944
375 44
737 64
433 239
869 813
774 829
272 482
786 101
984 565
911 725
445 702
747 110
381 949
204 935
980 729
945 310
912 279
866 54
508 631
139 670
74 877
709 766
39 118
573 40
954 17
25 620
541 137
256 763
879 256
818 377
904 182
576 61
487 634
877 523
713 545
397 596
107 597
733 572
865 583
171 748
552 919
783 928
841 931
530 676
623 359
117 459
444 892
982 17
790 468
231 9
792 605
231 369
798 972
502 397
720 467
603 881
931 238
471 123
732 587
479 768
279 849
606 862
895 2
458 785
727 259
376 826
840 555
978 709
180 794
904 842
922 469
901 463
979 271
3 820
253 786
561 22
781 182
252 176
370 297
308 39
936 280
457 197
539 708
749 168
556 577
452 28
681 691
177 350
87 498
218 386
491 543
80 792
802 303
647 442
870 968
453 50
794 58
545 98
455 320
737 131
200 694
121 217
786 646
624 463
385 494
957 871
727 819
114 261
982 876
384 453
512 80
588 922
949 914
408 184
45 54
444 812
422 708
47 195
688 485
441 88
735 323
147 306
289 214
825 677
1 428
678 448
307 104
185 591
249 191
743 97
813 447
152 261
968 737
63 888
650 1000
676 578
506 74
716 171
697 735
380 656
739 208
673 346
78 689
564 593
45 722
636 924
687 442
453 892
620 461
927 746
359 929
386 118
570 627
217 162
519 263
796 878
811 719
514 821
304 355
590 528
963 666
642 969
714 392
249 651
130 513
562 128
88 342
706 259
999 117
432 959
978 853
631 87
874 562
432 992
586 29
670 596
825 136
6 752
527 57
526 616
220 85
581 682
998 487
852 848
905 473
540 154
419 434
223 931
784 520
891 427
876 280
525 829
728 108
602 473
647 300
276 701
416 160
530 664
62 789
817 335
599 110
178 859
770 109
524 818
901 474
516 678
478 83
417 859
504 509
301 84
712 162
569 113
448 979
880 618
451 7
368 767
434 5
380 562
615 855
725 293
89 792
393 977
351 55
924 382
488 292
831 986
946 90
255 428
778 37
32 768
147 615
889 24
962 158
873 576
122 823
866 962
179 865
5 540
273 219
702 927
218 504
385 25
999 941
565 821
375 391
81 554
256 954
540 49
239 56
313 51
346 38
763 267
277 878
757 799
210 472
414 388
500 378
618 34
333 906
436 534
942 817
283 632
768 242
258 156
57 747
53 964
697 700
313 14
221 270
523 866
411 654
804 495
647 473
579 526
301 658
651 870
689 418
822 874
796 639
594 952
479 536
836 668
237 880
955 77
52 506
334 605
316 476
160 502
939 606
706 227
144 972
842 501
326 554
579 832
35 409
109 181
538 751
638 33
847 59
673 390
849 73
382 560
180 290
618 339
159 617
209 619
915 265
113 700
766 75
593 43
839 526
674 884
771 975
828 77
294 124
764 491
430 252
324 492
917 858
555 693
829 137
919 860
97 361
185 33
193 922
368 25
374 305
473 931
911 121
701 103
468 836
835 50
577 578
207 143
253 345
427 155
971 518
597 560
984 259
321 437
295 994
33 211
2 464
2 331
505 821
249 326
143 899
38 501
347 844
311 939
341 562
768 79
346 209
698 542
530 64
562 144
191 512
947 786
128 667
302 620
296 498
393 180
913 120
605 643
764 170
309 518
917 955
124 720
450 378
606 382
37 823
26 523
347 423
630 380
819 916
956 703
531 600
212 312
255 715
777 876
124 627
800 506
837 380
886 398
283 217
634 800
162 689
379 4
353 997
531 307
490 152
396 314
963 832
18 586
76 77
641 664
923 384
80 973
844 334
991 729
812 244
21 36
216 757
365 85
146 226
257 630
676 962
295 791
544 226
979 850
791 702
830 839
928 328
374 441
267 488
150 1
279 702
935 10
329 460
734 628
558 431
648 861
34 799
940 996
266 765
496 96
775 797
751 761
876 372
65 645
323 620
923 494
890 621
472 626
51 942
856 331
764 420
937 495
341 298
627 699
856 762
128 836
222 139
660 694
543 756
233 305
113 447
878 624
126 289
657 700
519 218
570 953
838 24
515 174
954 729
733 963
244 784
132 30
210 215
589 431
905 439
655 821
792 564
432 407
435 556
209 568
221 944
869 853
426 868
774 57
428 772
177 219
396 888
922 86
171 386
883 130
674 173
265 577
703 200
544 388
1000 987
777 246
301 954
216 993
841 63
194 520
593 748
959 965
249 458
613 397
427 652
429 784
833 967
394 637
773 998
950 781
511 249
167 198
487 181
923 628
203 50
24 851
475 849
87 760
243 133
706 265
649 188
963 218
103 389
135 585
51 772
467 796
926 187
117 641
394 508
847 150
832 757
367 858
144 978
418 532
553 809
707 515
628 810
462 86
940 262
442 381
705 442
222 543
870 284
827 469
991 917
155 15
551 135
560 494
97 608
583 809
93 408
975 652
277 207
517 646
536 899
730 41
255 105
887 432
311 666
887 796
134 104
559 743
689 392
97 229
181 690
63 415
45 407
102 394
860 11
728 216
819 939
575 726
109 497
679 5
113 861
587 948
31 334
315 222
311 833
404 448
598 513
809 774
26 545
841 679
297 190
8 718
989 279
250 810
794 761
125 568
947 814
911 471
10 351
528 404
214 178
833 56
898 309
925 911
692 43
103 889
323 190
116 671
213 71
954 654
423 682
65 328
454 565
233 588
750 466
541 842
937 778
663 867
59 413
987 680
203 688
264 626
564 30
820 658
164 490
815 67
533 915
884 788
10 873
395 42
588 471
82 918
287 170
870 683
638 569
188 2
918 518
628 705
298 668
201 97
482 272
122 839
705 829
277 54
495 827
396 723
445 728
352 617
271 986
358 982
550 235
495 166
703 133
892 158
622 704
650 3
847 643
858 444
182 127
252 829
525 770
165 270
358 307
166 220
938 809
423 766
594 664
420 522
692 854
215 465
752 379
871 224
138 616
703 569
91 690
361 881
452 767
325 771
490 152
116 373
768 551
594 177
921 827
324 256
990 561
686 322
791 109
112 440
973 698
498 885
375 574
469 578
899 977
428 298
888 848
107 558
49 149
791 113
572 329
806 150
436 389
552 641
965 181
166 931
6 487
10 746
635 402
215 352
691 49
186 835
183 154
354 85
501 259
628 917
940 421
82 822
608 267
757 550
848 524
672 809
94 767
703 719
823 279
88 236
156 655
8 886
664 703
617 868
651 632
651 917
302 221
145 487
120 378
173 857
137 473
279 251
365 651
201 124
11 180
119 628
662 26
997 99
435 767
201 882
692 973
331 353
525 561
530 656
254 931
601 354
416 541
713 799
147 275
825 425
390 722
348 457
240 347
882 411
256 329
489 935
624 313
837 217
592 378
853 979
632 158
768 817
84 112
480 294
807 798
54 374
274 160
199 19
732 129
390 900
6 174
409 434
415 173
728 717
142 248
275 167
6 82
331 935
735 209
932 945
914 100
65 99
325 927
337 211
176 141
105 399
151 333
434 389
769 632
28 741
400 690
266 228
474 215
640 146
239 265
195 558
76 927
961 248
328 327
505 223
117 942
379 421
809 407
114 871
893 259
921 393
710 561
77 74
562 399
673 572
661 887
943 471
101 204
774 685
955 71
991 849
603 581
653 228
685 940
779 553
965 646
288 994
304 660
33 681
304 423
174 315
649 19
696 922
533 958
464 187
229 279
164 248
186 666
598 998
371 115
69 169
431 712
168 846
997 196
776 321
466 178
509 161
739 319
980 681
724 931
688 280
528 481
167 875
849 60
582 657
578 756
703 824
476 562
65 702
494 481
489 402
89 501
208 412
514 313
405 651
689 427
493 941
882 538
456 556
385 651
597 815
604 328
177 918
20 163
108 227
620 234
900 397
180 331
799 286
288 169
890 263
485 239
623 595
908 797
567 410
787 585
100 63
399 239
299 219
718 436
656 139
317 119
50 608
485 322
664 214
651 464
132 855
136 487
287 416
342 703
45 157
316 563
243 209
268 1000
190 328
731 860
229 536
113 906
290 708
250 922
653 76
84 182
906 290
170 242
84 494
576 115
281 652
975 548
800 740
635 532
745 907
188 940
276 496
194 768
516 898
228 605
309 272
723 178
532 800
618 905
542 900
281 527
212 281
731 522
549 130
276 395
476 758
255 436
404 853
94 292
705 512
907 864
569 346
751 484
875 449
482 131
654 153
858 843
549 260
55 725
889 298
622 324
136 439
300 131
453 350
471 931
840 720
975 221
832 362
546 6
877 365
496 601
35 527
988 377
84 171
692 190
917 148
923 927
556 416
197 370
656 715
331 88
753 217
928 220
658 760
530 589
28 44
437 18
533 437
772 542
153 199
586 973
191 265
81 221
648 216
321 984
403 124
338 265
53 138
461 661
303 804
552 420
360 47
281 343
156 587
133 469
941 288
953 153
130 447
353 630
565 430
15 62
89 969
974 142
427 845
775 134
416 366
44 625
216 532
507 864
841 57
414 387
103 822
977 602
147 247
347 449
842 252
896 19
191 626
374 272
107 369
574 258
108 838
326 204
252 492
565 820
451 215
774 707
680 178
113 146
52 129
326 919
23 241
780 992
959 383
25 151
870 270
530 903
187 61
301 334
668 984
709 12
779 109
262 939
718 634
250 703
348 774
140 383
196 485
290 444
496 280
536 378
34 244
819 502
86 321
762 831
977 430
860 263
312 467
46 307
347 768
620 217
467 612
755 594
298 208
716 560
139 805
635 730
538 283
352 974
700 660
158 382
234 320
978 422
466 770
414 372
471 754
583 585
2 757
796 479
272 930
152 316
382 662
402 86
555 979
314 263
621 260
214 620
575 508
759 360
49 712
774 638
72 602
843 566
8 999
935 303
911 307
895 479
651 236
804 807
575 756
89 875
834 59
853 512
913 380
866 974
102 438
885 480
680 150
999 873
933 652
35 578
14 523
745 74
298 429
162 53
933 638
333 32
786 207
346 739
471 455
5 647
288 5
628 451
134 840
997 778
690 474
10 615
229 131
774 148
601 58
917 231
973 481
670 518
317 306
548 852
17 84
310 93
271 523
4 206
819 943
675 576
350 907
194 671
980 513
486 774
538 156
395 317
120 206
996 142
500 939
204 44
935 685
958 509
340 482
130 346
198 563
682 820
913 606
508 409
772 654
192 815
245 505
508 465
341 331
174 736
262 834
946 147
314 505
861 889
478 888
249 342
975 868
633 85
75 979
760 598
884 835
637 624
552 35
58 232
916 978
805 619
299 775
990 704
393 160
130 481
365 431
720 843
7 162
882 740
693 114
342 485
676 470
605 345
221 193
195 589
438 97
529 903
163 690
440 60
885 330
919 92
306 14
486 601
620 45
283 177
318 779
533 119
53 505
848 913
172 107
961 605
274 938
650 261
871 723
519 38
885 295
114 483
604 988
916 775
992 717
429 275
663 30
270 492
694 554
853 985
19 888
746 67
104 651
47 853
366 2
36 335
961 399
572 278
723 459
962 238
75 210
416 474
903 835
770 539
663 459
614 80
308 562
62 93
457 150
34 863
753 871
455 518
65 819
421 284
751 442
928 429
900 156
76 471
374 610
207 765
729 499
393 134
510 440
311 979
868 18
193 498
599 354
592 332
158 865
988 405
313 705
5 965
811 484
209 754
804 755
805 849
42 714
119 181
26 210
708 430
185 599
845 990
632 459
383 928
511 378
643 34
584 696
507 869
160 488
886 66
922 887
678 416
765 280
296 275
950 848
124 790
337 605
278 364
508 643
115 99
940 567
720 355
45 847
864 574
148 833
684 408
79 300
824 425
135 437
860 192
541 242
320 810
259 580
819 900
44 576
734 741
342 470
292 39
263 270
861 616
286 944
611 340
91 811
597 13
706 489
18 269
980 497
104 347
735 668
998 901
287 915
230 229
156 193
167 319
38 830
402 242
326 379
251 444
935 381
467 955
37 644
484 634
149 699
476 968
93 77
845 696
677 229
788 276
134 206
961 682
562 69
510 36
405 532
84 795
282 721
490 204
537 870
168 134
87 617
251 346
206 847
897 636
583 837
175 1
805 815
185 641
492 748
331 527
434 858
933 255
964 990
148 816
924 503
23 946
530 772
902 561
489 386
426 866
68 506
513 701
776 619
393 732
643 612
895 883
333 948
56 713
510 566
503 790
928 247
200 501
143 594
718 868
974 934
208 249
356 454
576 543
967 353
639 282
759 83
283 376
407 156
675 848
607 272
741 231
125 566
357 720
517 269
641 627
166 260
218 746
135 880
958 104
75 819
716 875
281 803
535 988
198 969
823 829
407 915
932 186
866 597
420 82
172 659
735 376
416 802
705 37
486 432
673 368
875 648
383 121
808 162
971 810
333 475
499 383
455 985
965 40
815 234
286 860
789 614
418 56
389 761
190 361
185 973
321 190
687 72
906 881
636 698
102 872
513 58
673 727
757 953
151 656
716 511
819 46
279 428
224 718
523 474
623 678
934 817
856 603
143 619
819 582
990 698
257 542
452 702
815 100
716 507
388 235
90 290
923 959
178 383
43 119
108 572
228 278
135 491
884 510
420 721
92 902
253 898
653 134
941 991
902 71
425 15
458 385
536 733
702 871
719 670
185 358
671 590
735 702
579 276
367 760
5 106
499 777
505 17
623 597
84 573
646 160
446 365
498 657
662 135
299 920
828 233
242 705
125 826
606 753
290 826
847 768
163 567
17 472
522 225
858 525
762 929
263 214
962 822
764 171
156 87
60 191
364 232
1000 608
853 175
274 789
917 86
61 199
540 30
357 435
473 369
933 918
702 673
169 570
621 168
632 529
555 551
63 335
108 507
58 852
623 668
443 890
571 680
24 285
490 720
273 977
989 49
7 416
873 718
587 123
232 404
830 664
634 318
428 486
238 882
439 933
444 635
785 465
293 681
946 201
981 462
947 898
863 313
897 66
625 41
175 722
298 210
741 691
250 476
245 108
161 861
216 218
403 235
244 178
281 911
849 763
523 910
604 488
814 426
771 788
552 984
627 846
20 251
334 895
570 249
569 154
445 468
885 180
668 228
731 948
433 107
414 660
942 90
204 360
490 330
149 447
326 493
71 392
220 869
929 903
74 925
727 600
819 872
526 538
415 438
896 720
341 990
137 756
606 552
907 621
771 722
439 779
929 806
445 584
956 162
270 281
250 856
784 677
242 991
106 813
901 826
657 229
987 263
938 554
657 986
144 933
626 747
400 391
891 533
884 437
443 905
917 238
203 298
540 945
531 962
946 237
693 646
135 4
285 309
552 199
857 375
620 680
254 995
682 604
52 113
795 455
58 89
317 621
44 268
299 454
500 834
487 913
136 987
257 524
147 962
141 11
205 838
240 575
319 275
283 73
794 282
555 399
408 692
39 686
198 148
332 738
359 173
55 585
420 305
385 134
571 805
679 949
86 25
410 818
574 380
555 631
815 679
508 125
725 369
4 331
703 155
417 197
244 229
562 175
747 585
613 362
791 101
31 77
587 719
274 400
306 781
740 517
354 474
574 673
474 992
17 89
305 874
600 416
985 232
42 240
165 481
846 599
198 100
949 404
948 1000
482 570
123 165
965 612
732 202
336 177
974 417
473 675
364 415
130 306
576 560
181 447
728 643
420 421
649 497
232 346
650 548
416 367
170 206
173 436
43 463
883 264
313 948
419 439
550 260
527 269
704 644
253 937
342 389
943 502
391 436
642 190
251 411
198 320
446 255
197 684
466 458
344 812
203 105
254 837
545 720
510 30
754 828
880 193
455 801
991 231
600 45
985 97
857 165
218 52
415 880
525 389
950 985
509 797
285 88
499 806
645 474
609 503
501 136
110 869
521 862
643 331
916 901
726 706
652 291
68 372
933 401
693 294
529 909
514 381
662 849
26 618
384 964
14 232
649 112
41 261
150 83
252 472
372 562
681 458
595 259
614 184
857 50
428 784
778 926
625 49
831 20
827 952
148 533
726 177
135 748
960 538
885 346
370 190
695 733
249 41
190 982
455 879
130 275
508 346
585 333
448 316
750 218
781 897
632 589
481 160
285 948
202 580
191 130
285 206
309 174
24 942
557 133
926 874
465 276
595 413
383 256
25 179
773 273
122 948
541 372
447 728
589 904
992 602
235 443
93 568
31 790
412 129
289 518
332 608
196 165
10 57
147 656
130 201
484 930
432 242
426 722
599 215
767 952
210 997
569 965
553 579
908 467
942 908
361 243
785 314
358 38
657 989
701 326
580 428
89 222
720 555
615 775
882 213
162 180
552 564
753 368
698 568
612 543
494 292
221 778
597 479
908 439
791 561
878 425
158 468
262 555
274 302
516 35
976 876
350 357
601 976
428 460
832 654
48 336
140 636
470 893
47 616
736 665
326 302
589 408
618 186
835 627
342 75
82 374
65 73
299 1
62 81
241 418
459 446
975 848
464 234
179 491
688 261
657 154
756 844
290 333
982 238
102 45
451 107
808 424
69 7
906 545
760 598
225 176
587 343
689 830
241 254
268 772
345 973
951 868
466 530
750 87
779 999
985 400
322 38
502 722
644 363
298 174
869 423
882 807
495 538
807 946
600 273
433 303
271 104
755 213
192 273
48 158
737 174
635 966
491 843
285 98
181 624
459 750
453 94
102 216
897 943
944 611
21 274
451 950
997 263
204 511
558 465
40 98
856 722
597 766
150 747
820 985
113 524
606 123
930 16
245 137
311 565
876 691
872 115
641 712
554 314
594 368
539 833
894 827
871 860
878 272
307 542
852 880
72 359
114 356
66 776
285 372
690 901
307 729
336 57
404 885
941 680
382 538
464 49
395 329
256 131
646 636
393 963
131 181
658 378
287 425
287 595
744 855
26 934
638 789
791 542
379 597
663 274
718 524
318 658
30 420
753 264
229 762
658 618
259 282
279 925
125 593
367 108
918 284
46 209
892 847
195 882
822 113
728 568
917 46
899 844
904 748
539 619
188 2
772 524
611 478
774 599
789 502
666 585
181 25
680 829
862 864
93 797
765 223
344 289
520 736
199 966
431 329
830 971
706 924
224 337
644 361
24 489
366 79
970 170
223 976
126 851
195 14
453 878
321 88
759 421
929 746
492 25
805 476
577 193
200 777
390 888
589 658
877 10
409 932
646 488
507 632
857 890
235 154
59 661
377 700
188 741
775 140
240 893
530 99
470 412
709 559
765 650
758 627
149 531
861 581
413 195
578 89
545 819
790 892
118 787
901 116
121 49
619 966
724 385
421 479
931 245
505 951
199 198
8 891
464 284
594 602
416 962
755 739
597 70
61 749
887 840
870 526
476 168
179 488
112 421
838 193
889 403
252 618
426 53
737 138
109 684
712 716
847 262
974 878
463 330
943 763
47 507
875 420
214 179
106 186
924 866
453 415
8 319
543 670
303 142
428 192
950 243
176 625
554 278
643 562
21 776
260 888
628 653
284 116
30 721
973 221
336 920
250 387
455 681
201 437
270 498
102 405
745 194
177 714
504 67
19 751
192 143
765 58
14 549
10 536
590 923
822 503
107 262
758 484
368 272
674 693
654 97
329 498
831 561
67 888
250 93
437 933
632 192
137 659
479 572
276 431
596 937
852 857
119 141
49 609
617 60
106 432
673 18
988 253
511 927
127 961
769 691
474 965
965 706
984 58
877 273
618 921
953 474
655 860
370 748
273 804
115 111
338 397
357 518
503 55
291 829
332 735
619 909
88 301
550 958
843 70
489 381
885 885
69 735
56 534
212 684
896 404
742 742
602 476
163 492
379 656
713 131
818 688
944 132
713 926
556 548
944 961
643 960
467 877
88 943
806 353
423 652
621 881
346 764
592 309
363 13
663 569
827 952
418 822
314 152
397 497
816 795
450 210
91 785
303 208
658 114
281 772
826 533
537 467
46 543
934 983
653 256
179 208
111 436
891 279
879 936
962 660
431 348
910 513
169 736
638 94
930 290
858 462
900 615
739 298
700 471
179 36
544 806
368 287
85 520
157 725
681 325
546 969
12 574
110 550
100 103
34 279
257 997
535 9
478 825
403 574
130 429
272 523
670 191
909 885
239 860
833 967
110 567
829 39
902 402
225 913
461 347
362 644
263 859
547 748
280 732
713 327
433 625
155 877
85 274
562 145
331 439
462 101
678 317
337 85
180 15
896 714
948 39
270 131
76 685
747 231
842 311
238 422
209 986
631 816
126 95
168 45
91 498
516 135
19 639
840 853
663 622
385 210
377 689
487 981
792 611
457 458
891 411
17 553
257 232
961 205
320 104
342 160
981 300
163 293
116 934
953 758
439 222
958 407
452 913
52 338
242 796
924 109
973 823
706 785
651 645
875 428
781 386
244 898
970 366
196 783
608 82
605 744
28 72
503 298
692 504
14 411
532 656
325 152
518 212
738 479
429 455
724 782
507 672
882 499
297 8
174 725
952 298
963 355
526 452
603 20
43 662
267 702
500 633
994 931
543 882
856 361
672 990
556 545
316 96
273 35
868 329
514 759
28 743
347 967
460 665
306 227
263 690
21 621
187 956
733 310
720 312
580 225
124 299
348 983
446 434
512 178
161 921
95 438
532 448
549 556
96 808
516 257
537 605
492 334
208 116
734 834
72 854
47 693
104 221
539 270
489 639
8 200
89 401
957 64
279 86
442 162
504 696
137 660
96 758
742 915
309 855
652 261
745 269
400 759
366 389
193 568
623 767
176 901
604 177
836 390
510 505
745 193
652 242
234 974
598 678
381 731
344 477
303 336
1 957
327 710
700 691
607 19
446 817
816 217
626 448
397 849
282 192
651 121
854 846
31 414
49 68
792 518
834 311
199 484
457 493
133 201
331 270
700 681
376 894
200 917
42 135
463 855
1 275
734 251
317 162
678 411
811 969
208 539
803 173
245 111
617 326
593 954
291 63
392 129
483 277
217 63
14 718
90 810
267 523
580 485
824 641
793 383
130 133
636 964
779 438
808 307
337 312
867 288
44 565
459 851
192 887
530 624
204 932
191 792
962 880
853 793
360 521
151 425
606 183
396 488
794 203
184 911
592 946
123 355
94 457
678 551
510 51
115 865
13 73
908 867
620 929
224 741
877 763
457 849
961 616
120 943
847 427
597 442
479 900
842 139
680 283
680 685
871 738
493 345
273 926
316 10
667 359
748 267
135 422
574 719
33 103
985 225
211 255
432 406
215 951
815 456
475 538
330 621
289 323
495 295
159 299
876 485
877 338
956 833
325 275
598 11
784 493
246 63
590 390
769 754
366 51
379 491
495 814
419 711
901 824
265 477
513 23
518 932
378 369
989 505
913 121
249 685
292 201
168 247
264 561
382 886
156 559
181 954
420 656
131 523
731 126
492 250
445 723
97 279
420 364
1 482
97 321
480 150
222 892
94 706
945 288
441 418
627 708
181 694
433 936
882 305
387 831
175 37
804 46
630 366
138 644
759 492
582 723
98 28
429 797
448 432
848 578
577 718
473 138
883 623
992 13
481 58
365 875
626 400
942 897
828 17
251 705
504 863
272 966
680 160
283 94
662 482
926 464
583 66
975 663
104 254
519 40
431 996
512 369
701 962
179 435
331 504
136 378
859 522
878 946
424 603
878 828
249 278
172 537
177 958
69 438
203 161
943 425
396 481
333 602
33 643
106 149
939 315
521 440
456 232
546 120
460 627
591 457
32 78
7 646
9 875
275 93
852 522
160 366
737 391
148 198
869 499
284 247
917 154
718 306
472 582
690 664
380 418
454 845
379 432
362 894
191 743
233 597
36 344
106 90
509 56
933 724
466 418
778 496
688 174
230 801
697 997
231 81
934 678
619 263
203 30
204 178
226 939
238 325
514 234
916 843
392 18
248 620
158 353
386 921
372 741
842 853
165 733
289 364
804 793
589 88
726 623
932 650
314 592
172 62
894 866
463 362
835 271
308 272
60 86
412 569
714 440
531 101
756 646
24 529
829 130
758 872
255 563
451 253
815 740
265 767
792 511
659 710
605 22
915 397
361 770
130 513
457 304
319 521
357 193
795 383
314 968
100 342
867 497
705 955
786 177
637 737
673 273
616 672
6 694
987 662
567 622
82 616
505 115
422 802
472 356
236 758
490 877
248 562
188 979
70 749
978 373
530 211
544 88
950 359
199 161
332 368
957 688
549 231
155 571
106 736
613 24
945 975
517 568
186 309
689 552
961 115
303 18
71 838
422 492
781 604
574 510
880 694
891 849
11 502
934 351
289 754
605 382
795 682
180 737
481 695
851 200
228 92
601 783
435 370
706 85
196 798
382 813
374 758
506 354
756 364
762 815
13 233
351 212
393 246
29 296
127 311
233 667
525 513
873 251
759 502
36 67
556 358
404 54
749 784
17 514
40 242
256 842
668 421
531 132
317 596
11 373
930 550
707 66
477 930
119 296
459 35
132 470
189 188
746 737
758 405
184 472
318 351
959 994
766 437
137 821
877 915
459 776
123 283
689 107
676 686
425 933
375 712
27 926
927 519
511 279
273 197
847 974
855 700
343 510
941 113
474 95
195 180
175 65
986 487
372 31
986 685
881 162
930 382
296 363
106 536
963 78
54 71
855 59
347 16
576 150
176 618
390 65
53 623
422 481
222 314
563 214
6 552
966 199
206 836
60 614
493 286
295 983
212 116
136 671
298 356
219 818
110 64
811 445
275 731
88 246
889 787
78 865
305 471
624 708
865 971
517 269
433 234
394 595
749 827
928 282
644 799
295 706
200 434
443 778
655 320
758 265
625 338
46 22
491 881
424 569
692 858
645 58
470 475
540 888
479 573
17 964
825 378
989 151
558 353
533 440
488 159
711 195
495 809
906 559
140 247
933 879
591 211
500 539
884 290
478 663
411 898
730 389
320 989
411 239
648 620
946 639
805 880
619 602
147 677
178 410
28 825
576 716
353 147
680 338
459 55
111 329
601 985
244 829
274 479
139 507
821 676
784 720
143 530
387 576
581 833
623 881
507 125
775 305
356 428
99 909
714 97
39 813
529 658
973 84
407 793
909 940
246 369
465 17
774 22
310 116
453 34
848 875
592 918
581 391
862 454
212 78
674 840
23 722
490 382
951 858
871 58
848 736
516 650
21 539
473 756
380 437
2 219
541 824
340 298
503 396
256 800
20 732
100 429
286 418
669 797
986 384
321 499
548 81
37 415
955 590
450 387
518 509
357 962
631 528
543 82
215 498
274 147
370 359
486 800
444 404
906 182
660 28
919 595
65 605
409 201
619 75
255 363
803 211
998 479
660 154
729 877
83 783
540 119
118 279
64 145
578 240
321 458
175 456
559 83
311 390
514 184
445 960
337 925
11 407
61 395
183 400
393 316
638 93
261 443
433 108
340 982
391 94
994 184
507 930
642 723
431 730
654 179
338 583
184 569
614 177
729 510
829 97
305 822
869 179
302 559
329 366
784 554
819 654
820 97
406 316
536 834
497 139
719 179
353 574
788 278
477 49
844 191
776 374
967 540
394 545
112 244
64 869
373 123
726 592
585 37
474 308
112 456
971 344
483 48
554 703
109 365
695 999
900 55
511 957
388 477
60 142
25 450
742 33
51 513
369 956
887 555
855 900
748 191
783 521
610 825
782 265
74 397
221 755
674 286
834 175
544 58
876 908
729 768
778 570
266 38
235 850
519 540
235 219
554 892
788 830
582 654
723 459
188 967
773 725
902 242
90 420
914 803
777 922
570 199
596 97
506 567
437 754
857 823
848 224
611 210
3 111
766 856
380 247
851 155
930 534
600 462
166 685
716 487
627 552
938 151
468 756
154 695
317 437
628 109
5 173
39 47
139 420
417 927
758 492
503 136
961 20
975 352
263 560
668 910
218 846
418 134
443 60
939 571
845 577
682 741
331 689
157 331
68 565
144 466
947 586
88 806
604 240
53 961
659 166
227 898
39 533
642 607
416 354
253 374
221 71
521 8
457 996
791 783
894 266
907 482
114 57
749 319
754 931
512 744
412 296
585 761
737 859
666 664
523 44
528 302
35 32
234 301
863 614
499 379
578 460
554 390
436 497
671 920
467 579
849 333
890 269
438 907
657 985
130 274
517 908
396 579
345 554
261 189
573 663
114 118
311 833
52 247
935 330
6 812
496 122
983 698
3 236
217 697
301 824
561 580
925 785
296 918
599 415
697 344
924 864
436 25
445 986
954 285
646 813
874 752
288 943
652 749
977 951
92 818
639 198
841 135
51 115
334 359
707 606
992 149
259 535
1 147
29 504
237 839
446 800
435 527
451 641
14 574
115 533
501 679
31 452
200 594
584 401
652 429
743 334
944 93
307 525
849 325
502 185
691 189
761 980
817 407
753 266
814 830
498 630
317 16
763 75
294 558
682 749
131 681
474 25
474 839
266 819
755 654
768 511
228 720
790 874
883 992
195 385
380 885
517 25
220 820
357 74
829 498
356 94
386 458
61 318
158 156
954 463
768 255
660 480
418 992
581 600
2 139
400 710
232 978
108 800
89 572
957 136
932 527
155 740
539 361
127 533
388 523
963 107
368 504
937 6
179 204
191 575
278 424
225 169
938 757
287 634
310 311
401 399
546 701
945 287
676 781
224 742
211 757
963 229
75 336
519 448
17 197
523 352
319 518
917 442
721 280
847 808
769 102
227 518
272 179
901 399
390 600
64 697
261 618
636 143
145 175
23 454
322 755
25 546
700 582
420 657
926 472
659 200
91 264
362 293
830 298
207 412
777 23
824 134
288 737
510 223
801 7
992 280
142 229
922 604
271 799
838 622
481 440
372 451
868 910
735 276
756 497
664 655
669 748
71 469
469 922
655 751
308 69
898 469
575 451
284 808
78 146
740 129
970 390
481 641
963 408
361 698
777 929
79 358
634 727
70 103
259 87
921 766
362 860
141 16
140 358
194 269
978 855
85 187
561 242
490 843
978 381
24 778
671 849
109 50
743 239
11 418
308 85
771 676
931 666
818 590
940 526
577 235
491 181
66 18
77 789
983 31
247 550
596 713
636 154
416 860
269 285
785 943
846 415
910 721
487 799
184 848
968 474
139 714
944 404
729 527
160 927
857 478
843 818
486 848
689 451
514 514
292 656
437 727
691 675
121 741
469 596
424 894
800 59
663 618
867 830
124 603
104 263
783 57
110 186
189 279
270 685
691 38
92 169
945 264
849 409
268 640
591 417
648 816
436 848
710 387
58 552
923 348
326 46
513 239
592 373
666 86
866 208
777 590
453 432
980 500
144 570
991 690
531 877
434 150
923 514
919 597
286 157
28 316
826 859
344 559
104 660
571 30
391 547
454 860
126 308
606 593
522 214
475 691
706 384
750 881
502 137
706 352
591 786
969 274
491 535
114 387
432 815
722 317
339 335
178 439
673 686
887 921
814 572
983 347
803 604
258 975
462 204
799 429
445 74
505 437
330 705
514 458
398 165
631 141
863 915
947 215
316 709
744 307
435 284
323 659
480 759
784 850
977 843
775 594
895 211
789 7
472 714
237 36
27 62
200 908
931 968
611 907
320 81
561 559
226 96
616 457
127 793
384 368
647 359
217 520
655 645
436 631
395 778
525 56
79 579
799 708
167 118
257 69
917 764
416 165
75 462
525 943
409 979
968 379
354 392
21 176
475 82
686 173
699 288
1 216
817 884
724 147
314 92
590 620
610 972
15 365
293 942
26 611
958 308
682 178
632 293
396 128
844 15
780 713
874 741
994 812
779 97
197 211
933 562
88 544
104 713
829 310
10 505
408 327
910 102
830 45
907 287
93 546
985 966
580 11
990 808
215 274
699 432
604 171
9 305
778 658
144 788
419 907
776 758
734 785
137 166
410 171
185 6
944 660
860 247
417 579
9 338
384 795
586 828
792 979
108 809
761 376
672 485
575 505
728 718
148 979
246 334
584 270
362 953
558 304
931 890
776 609
777 746
301 471
416 11
234 803
686 129
455 179
904 883
252 905
354 577
107 804
351 230
439 965
456 40
622 141
632 253
843 277
191 697
311 694
900 965
169 491
321 34
515 683
26 319
95 123
798 630
842 684
66 733
528 864
298 124
600 899
665 955
193 439
106 422
301 689
792 3
157 643
403 163
749 265
724 688
682 159
556 582
897 410
208 748
25 559
679 629
804 442
470 98
634 472
428 330
239 814
42 621
294 307
285 565
438 435
192 607
748 694
707 544
665 840
632 971
109 786
672 458
787 930
225 115
367 126
179 5
870 190
875 946
533 747
599 160
709 539
588 787
957 390
756 805
8 197
396 353
809 802
5 620
948 355
72 693
55 211
808 134
17 842
947 523
521 907
633 43
234 519
576 125
438 593
791 221
945 1
594 870
391 309
526 762
768 309
965 8
754 141
811 582
48 857
722 992
371 251
27 719
462 849
94 380
478 165
252 895
961 141
523 524
278 460
202 941
966 752
518 566
449 158
340 84
644 618
399 248
585 388
76 795
224 903
741 265
293 348
3 499
626 567
983 104
54 392
354 389
878 172
388 125
355 108
666 89
28 415
612 443
597 444
126 592
824 355
460 52
28 669
955 650
355 832
278 661
304 919
655 209
80 657
734 165
80 593
415 845
968 831
567 754
303 461
711 765
647 708
92 268
754 567
446 604
804 552
447 264
931 75
199 145
765 432
150 31
393 964
329 846
313 514
905 917
757 229
952 147
388 834
285 2
471 468
394 488
478 480
268 244
375 642
130 350
668 479
34 787
525 717
273 159
453 16
769 155
409 222
320 209
823 669
655 61
875 779
840 375
656 662
483 255
701 550
18 152
533 688
987 752
868 100
463 558
327 417
577 485
475 127
409 368
968 749
553 814
591 52
943 209
930 212
413 673
668 245
13 982
953 241
881 574
278 809
770 924
948 397
943 178
257 847
697 608
224 674
605 885
402 359
753 573
741 376
274 667
428 625
157 217
63 156
556 391
4 988
652 544
878 468
757 531
61 272
785 624
462 876
865 921
21 452
668 459
768 236
321 661
134 265
72 569
79 47
588 360
221 765
915 115
452 510
873 631
814 969
625 753
171 155
198 362
391 835
441 500
771 399
548 406
792 725
38 693
458 900
824 668
802 716
792 740
622 699
651 591
909 722
521 434
381 143
435 673
544 156
944 272
591 376
449 375
413 781
689 653
271 458
81 289
314 401
331 396
813 579
725 11
665 299
432 52
902 537
146 806
280 816
705 918
75 745
489 63
626 425
8 386
366 137
447 687
717 292
235 467
832 991
926 818
562 380
904 862
622 863
865 504
792 197
836 63
919 145
636 527
529 329
866 236
903 112
442 655
435 614
26 744
264 141
589 661
776 397
599 65
740 18
938 72
431 596
800 434
827 584
594 311
609 381
256 186
355 697
162 705
285 805
646 427
699 71
787 979
412 230
838 196
232 195
139 766
13 294
950 400
120 366
570 750
818 989
522 629
969 267
366 908
546 219
856 821
883 651
864 773
501 743
757 736
154 720
749 937
283 785
526 736
125 931
509 204
37 938
360 364
842 31
623 825
426 726
72 174
264 587
364 762
4 481
379 37
338 451
87 889
144 783
352 395
483 15
91 58
73 530
889 64
845 563
165 807
294 880
62 373
672 181
102 459
575 434
850 858
465 379
139 23
660 678
372 969
913 722
268 952
127 750
278 577
162 968
800 767
213 679
482 179
181 35
631 167
496 115
200 368
223 559
695 459
896 848
185 385
143 453
192 317
397 567
120 622
521 22
536 568
639 877
803 528
710 652
240 447
815 181
278 374
146 113
748 876
539 116
440 820
981 974
519 610
941 627
821 327
731 493
116 635
28 137
154 995
492 64
719 115
434 806
588 557
548 296
794 443
205 58
209 17
316 118
408 543
47 332
213 229
375 286
790 184
461 643
783 796
766 903
828 314
955 80
754 309
284 428
601 119
975 393
684 665
811 854
756 851
393 760
714 272
349 903
308 686
946 955
290 556
852 401
601 141
442 74
215 357
827 125
136 889
87 363
873 323
442 140
963 62
893 977
90 271
862 146
623 869
721 689
395 307
150 854
804 787
349 75
373 373
352 139
641 760
944 887
440 960
962 378
165 497
314 726
999 451
201 413
495 23
652 373
937 952
69 926
407 397
62 821
138 134
955 54
322 765
407 101
400 720
738 494
466 428
193 967
983 676
894 474
115 153
298 983
645 572
864 577
184 443
196 263
615 360
436 286
892 192
502 358
426 82
378 482
241 222
153 412
402 985
86 624
949 366
915 711
63 886
568 903
879 652
224 569
259 874
212 548
799 888
948 456
238 239
107 237
835 736
818 452
42 290
696 527
195 716
920 269
391 487
755 528
438 776
617 355
112 445
474 686
994 958
625 180
980 486
387 951
632 617
205 162
502 912
956 214
790 587
424 745
181 143
852 213
611 592
703 989
636 944
494 381
935 993
342 762
147 64
301 880
448 2
24 899
269 579
642 247
174 852
700 980
872 29
56 12
352 364
810 215
344 188
321 610
508 914
370 883
589 548
934 415
603 587
917 400
720 890
611 785
522 407
714 796
258 193
113 351
115 451
891 833
172 97
82 483
178 128
373 205
40 459
456 14
456 91
452 689
583 622
726 356
516 475
364 931
249 93
614 716
93 934
129 788
640 998
449 410
609 68
712 842
821 956
578 197
569 722
356 702
170 422
468 784
34 465
474 103
110 358
391 197
981 916
332 6
156 164
639 165
664 494
674 120
676 608
93 82
4 481
821 823
448 115
556 261
765 880
794 250
224 959
892 712
981 62
541 400
247 970
179 822
785 349
475 817
164 87
799 926
794 928
967 957
274 165
326 44
829 713
6 522
633 806
342 15
491 524
187 563
795 432
909 588
610 673
260 459
967 776
578 977
11 342
539 918
553 675
890 987
386 979
718 521
959 219
277 689
416 477
399 301
30 744
214 198
748 764
100 720
187 164
622 387
926 796
280 508
611 389
905 779
27 255
464 294
179 391
775 918
700 657
231 872
609 736
557 294
847 635
531 23
209 914
434 141
316 386
94 973
128 228
338 173
921 605
246 641
925 921
230 950
487 290
669 50
467 648
178 811
755 169
946 776
609 795
526 517
230 998
278 779
906 752
469 55
901 116
919 274
413 51
577 169
657 853
624 989
502 593
629 749
359 195
736 299
547 518
26 165
146 11
359 605
327 392
891 843
837 900
108 888
747 658
601 719
593 925
937 360
424 91
7 476
981 108
685 896
534 436
839 331
584 359
257 578
201 757
739 87
337 863
524 166
382 569
557 880
184 31
143 282
298 837
487 960
979 554
41 319
508 541
644 793
570 467
588 44
150 863
925 405
211 163
415 697
431 477
853 532
54 262
938 93
844 399
790 466
450 973
677 72
683 464
737 230
790 550
897 330
222 829
978 476
305 752
349 594
54 185
137 83
795 728
715 808
902 987
179 624
226 295
696 571
236 245
654 617
278 849
655 444
747 719
433 347
204 71
895 113
603 971
370 77
39 29
25 195
127 983
998 131
338 5
363 448
622 565
780 532
496 627
263 610
780 470
138 900
460 887
548 30
478 451
591 123
849 559
348 470
601 411
599 51
396 850
100 88
259 48
810 614
645 173
816 268
888 426
22 78
897 921
428 802
734 186
616 195
99 267
628 529
754 168
951 977
438 363
797 553
841 886
449 103
196 798
802 842
832 570
787 193
307 989
424 99
317 72
342 799
91 595
970 20
835 325
29 635
241 339
270 356
258 981
16 607
591 839
941 669
188 63
452 621
985 394
743 810
985 716
208 805
402 7
637 272
52 363
121 587
621 824
725 994
676 880
303 262
308 120
346 835
188 936
342 570
965 697
897 504
155 599
430 687
111 223
589 363
892 866
596 456
362 426
604 178
223 229
254 340
492 560
288 109
183 862
99 616
781 249
719 36
827 840
841 979
268 290
251 286
501 129
365 465
215 242
203 299
845 389
286 409
327 32
40 12
574 688
370 863
706 963
272 869
656 736
280 819
423 976
902 786
677 785
116 904
973 696
352 503
837 823
430 406
501 967
496 742
490 136
419 320
747 702
548 525
651 454
899 174
865 610
55 53
501 641
617 964
628 163
205 613
918 171
727 329
437 822
482 948
569 99
287 289
650 659
468 667
405 803
163 76
386 776
148 961
245 914
949 829
676 116
913 668
625 179
295 11
993 76
285 31
875 347
325 907
429 282
879 711
932 535
846 693
746 313
551 132
997 460
735 587
117 978
789 926
382 532
800 421
367 466
354 70
594 824
661 911
301 274
789 520
832 505
503 721
977 622
23 872
500 774
144 622
687 502
304 858
733 561
986 285
424 752
64 128
492 345
272 867
522 900
670 640
59 977
531 224
846 358
557 236
620 760
655 686
625 928
162 384
341 232
603 469
300 253
719 183
995 903
909 177
548 911
155 366
987 393
340 98
90 202
536 960
267 731
828 827
140 55
691 640
455 921
253 667
866 242
320 498
109 594
404 608
106 620
803 211
274 295
185 71
949 89
40 227
314 871
999 997
176 171
916 746
979 877
312 409
732 854
258 481
962 456
366 455
894 58
871 597
302 171
98 471
935 516
846 975
448 3
49 140
717 357
556 735
169 524
234 286
776 178
157 524
340 404
714 384
110 586
6 469
968 614
424 458
760 235
120 51
479 432
705 640
178 717
492 389
401 157
21 490
79 861
801 3
842 524
680 426
459 819
88 683
591 159
818 489
639 253
497 823
333 493
704 874
17 610
298 709
171 785
448 581
993 808
367 206
955 9
809 373
613 630
389 79
845 447
713 922
62 371
998 571
827 3
860 352
424 957
480 607
326 215
908 647
838 946
262 941
56 994
419 921
748 683
878 714
288 294
155 647
947 412
881 792
361 418
303 420
560 397
702 748
603 736
32 912
973 996
55 928
105 720
681 62
543 665
450 858
65 923
666 918
23 225
793 964
455 297
937 484
321 899
91 10
90 740
300 664
424 934
241 103
950 138
768 156
415 753
161 697
976 663
149 57
217 681
542 784
53 144
512 90
643 919
399 187
763 562
736 23
789 759
476 155
790 769
706 859
748 218
532 701
869 785
749 750
963 909
937 861
378 337
22 541
661 704
378 358
414 874
141 941
869 496
880 682
714 612
294 195
198 517
242 720
551 202
457 983
195 60
641 553
80 657
842 812
784 759
404 978
26 525
930 970
431 960
502 270
163 237
876 21
389 969
131 657
880 697
577 875
818 847
550 437
157 299
821 641
853 611
318 793
401 539
528 262
285 456
781 717
927 689
645 23
216 79
504 24
598 463
654 74
240 470
953 538
498 93
190 131
49 348
120 690
457 811
901 266
205 847
389 273
222 586
568 954
545 215
359 620
338 636
847 596
605 920
601 559
574 511
189 986
687 780
736 77
3 646
867 796
704 486
623 168
546 256
157 703
742 928
555 695
548 687
628 289
329 446
638 723
979 202
603 742
422 273
560 274
430 452
18 734
566 285
9 548
353 898
5 684
912 635
177 176
99 497
709 369
795 87
673 936
191 150
62 231
573 219
839 353
556 116
256 558
543 411
470 308
149 353
15 683
663 935
11 975
217 889
419 812
356 140
241 549
811 818
976 421
501 499
590 298
243 862
31 350
123 56
619 560
324 636
331 82
570 757
232 220
708 792
861 730
404 925
502 898
23 6
297 344
534 321
451 613
780 91
638 485
297 670
770 96
158 868
250 563
714 52
713 488
269 309
452 835
531 321
385 535
899 692
824 96
272 844
761 714
39 75
846 706
562 258
858 691
285 881
771 941
680 29
252 801
484 649
918 903
369 928
440 923
398 257
597 678
747 93
781 1
780 29
574 591
383 319
52 339
688 74
46 792
786 919
811 168
289 732
765 543
749 907
382 49
66 960
40 848
566 275
705 90
115 506
214 547
725 139
447 944
238 328
468 132
321 979
582 813
971 581
345 193
8 674
920 342
333 463
50 735
2 927
652 46
507 769
775 46
295 30
299 696
928 626
972 969
380 257
379 409
939 628
17 895
218 668
392 915
216 838
906 68
367 840
438 147
845 955
271 696
68 97
792 700
334 593
878 679
957 288
716 842
257 946
757 287
723 122
829 864
387 566
128 870
709 831
40 123
65 71
801 633
219 396
39 508
920 796
978 6
618 169
801 682
805 551
13 307
835 523
191 501
637 463
85 300
276 507
593 684
759 70
770 129
429 846
615 424
805 372
145 758
132 483
768 15
351 26
617 489
834 384
367 587
344 592
152 584
891 733
233 224
407 8
364 520
650 88
488 201
159 704
330 39
539 143
915 75
551 204
410 739
807 9
172 96
770 586
89 9
276 861
953 654
304 884
846 207
266 553
323 269
572 513
493 89
311 13
466 381
644 717
544 24
275 189
118 222
532 484
361 230
957 338
976 261
635 571
24 956
468 162
943 814
453 159
979 981
727 283
107 597
991 140
249 376
262 508
878 603
134 39
814 969
199 101
150 391
704 580
19 136
418 930
636 698
633 945
835 849
36 404
920 370
608 225
767 427
832 344
819 865
432 571
307 545
465 341
323 995
703 600
726 644
474 826
851 539
762 48
726 430
222 846
448 334
327 829
185 409
712 558
237 310
169 575
541 110
261 43
968 81
408 190
657 278
573 610
963 864
374 283
858 293
773 338
396 32
868 984
136 154
672 345
821 460
907 491
230 648
825 983
252 801
715 319
797 600
315 369
276 184
895 643
753 605
145 167
627 760
838 593
26 22
982 79
490 586
396 328
165 975
598 656
272 291
407 131
513 841
571 375
23 229
331 991
474 829
834 110
701 262
430 969
114 509
883 768
324 872
205 574
450 507
292 654
819 439
621 105
181 992
487 229
899 942
811 832
630 567
767 734
642 498
724 599
429 175
351 605
332 486
253 284
734 493
891 522
77 509
381 665
258 415
637 555
224 947
350 614
140 714
145 632
867 877
920 76
85 180
866 341
448 812
654 227
440 11
579 364
230 286
295 645
207 837
406 233
550 620
86 656
4 534
672 652
719 21
570 936
201 285
411 754
539 914
798 42
609 974
275 307
319 768
90 746
108 746
610 165
54 249
737 919
767 586
788 201
238 771
577 818
745 8
171 409
394 608
502 778
287 127
172 272
79 636
920 83
817 302
336 50
143 874
912 2
980 568
669 175
625 416
271 538
462 311
138 597
503 622
166 123
604 580
198 131
710 787
215 638
735 425
410 838
386 752
107 682
811 239
458 263
543 994
26 322
711 680
736 931
513 972
846 404
696 743
249 619
573 99
600 107
573 939
158 274
509 49
634 142
204 423
340 409
48 691
411 495
556 669
429 518
768 282
182 125
81 622
261 424
187 134
515 755
124 428
645 821
706 454
228 671
648 545
468 580
661 209
273 332
446 733
881 20
773 1
933 896
521 827
369 563
768 434
287 326
955 380
671 807
97 568
443 732
478 627
727 305
293 934
654 742
372 855
259 821
727 183
981 34
856 29
215 772
229 993
134 899
178 579
540 746
425 973
485 430
39 526
512 600
552 233
176 744
334 621
236 866
758 406
92 198
700 500
173 114
409 786
854 731
985 178
756 476
202 470
147 277
753 162
950 504
511 385
584 832
948 982
988 123
691 692
387 218
287 575
892 374
772 469
368 717
881 623
398 93
28 308
644 424
358 824
904 849
97 960
742 70
839 186
891 583
973 515
105 102
88 728
451 663
782 681
484 162
145 731
443 718
271 950
474 200
598 862
511 492
6 901
634 468
711 313
360 495
284 98
72 195
424 726
740 814
296 744
130 9
137 151
675 494
388 75
91 268
63 462
107 777
791 672
596 671
810 579
13 130
233 576
534 785
157 401
613 218
98 729
49 611
994 593
614 590
603 581
1 5
659 174
532 607
698 953
851 737
930 728
736 553
819 71
556 799
162 490
663 524
202 388
411 191
931 371
748 198
762 275
594 890
298 848
665 143
209 568
976 826
710 640
154 851
506 150
858 805
460 255
450 172
714 458
734 151
476 396
300 533
411 21
151 348
506 699
284 336
660 629
436 810
798 491
627 369
686 365
280 781
781 329
342 857
505 353
659 296
934 412
535 836
21 291
535 139
53 238
275 395
618 929
508 663
923 58
250 475
912 716
477 108
236 640
371 300
71 242
409 540
688 458
149 370
761 845
268 734
322 115
655 552
43 706
667 772
356 947
857 328
431 651
763 277
177 253
376 244
373 973
634 739
130 712
878 656
422 355
684 478
938 273
248 62
359 417
200 695
913 135
318 577
652 602
336 718
805 294
166 226
994 843
28 852
36 413
426 6
564 477
544 354
908 256
613 973
151 735
514 329
491 895
706 197
446 681
213 503
631 725
518 37
286 666
481 784
423 633
232 523
835 315
424 987
712 208
48 590
698 314
906 281
529 329
829 653
77 520
298 577
407 104
245 494
690 172
927 79
618 44
10 799
652 725
556 944
446 105
583 473
672 492
24 264
11 679
767 664
273 896
150 828
270 289
598 669
645 303
726 152
798 150
206 452
518 708
523 130
751 219
987 509
210 819
636 933
2 944
567 511
155 567
611 15
363 270
632 961
751 453
824 59
145 288
701 887
705 782
31 160
506 727
532 539
375 297
629 817
341 795
783 729
74 278
479 771
142 105
602 722
1 532
52 570
158 856
718 307
110 381
366 987
512 563
994 731
391 445
12 315
180 434
469 648
238 222
371 671
376 681
501 402
850 598
825 786
642 391
147 861
556 687
9 275
271 568
116 508
947 158
146 772
752 660
882 81
856 269
23 164
376 718
361 166
450 458
448 990
487 725
378 336
331 334
719 23
137 879
148 318
121 622
277 404
296 105
318 638
295 45
59 873
534 304
646 209
346 368
113 99
356 291
845 162
116 400
450 944
774 230
840 634
692 164
5 834
668 1
40 719
315 621
686 527
18 591
859 48
545 32
364 444
457 119
410 403
822 951
968 85
620 191
145 184
129 632
52 326
964 644
50 211
909 516
770 30
77 27
473 158
679 138
560 223
79 771
209 844
985 962
699 439
197 160
54 255
530 786
24 322
129 698
618 795
460 236
525 693
966 732
697 337
148 822
790 580
53 478
116 293
838 697
881 101
337 139
297 624
990 906
347 363
650 891
217 711
48 964
520 469
558 586
9 641
441 668
887 764
755 231
737 581
308 564
179 880
878 191
800 626
766 416
867 940
560 15
359 382
449 404
442 949
499 837
89 616
45 12
640 199
409 160
954 101
251 722
840 688
510 747
533 318
736 725
17 643
201 999
755 328
832 636
637 366
215 566
659 131
73 102
660 948
480 456
613 964
683 13
234 844
464 537
198 852
550 991
116 8
231 65
623 94
828 260
495 127
746 451
405 85
867 939
442 716
280 911
531 75
85 261
847 541
517 656
699 563
712 519
70 676
850 806
449 712
462 324
602 513
371 237
753 323
165 201
601 614
431 613
563 898
792 736
56 682
524 264
750 651
957 134
437 695
336 879
922 237
989 92
356 980
986 501
861 560
399 554
874 163
567 554
535 616
677 927
53 508
117 121
725 270
413 570
130 824
211 2
2 518
289 277
277 87
495 185
394 458
159 108
813 755
935 486
773 973
698 538
222 434
240 587
578 897
904 317
413 856
379 801
849 194
474 805
543 106
882 531
287 241
503 425
930 957
24 65
574 202
49 721
994 285
150 318
923 503
415 309
438 598
750 659
430 394
281 821
912 415
676 914
910 926
647 815
17 977
936 475
738 95
82 845
691 756
414 338
953 77
160 164
476 427
318 95
915 270
445 918
266 795
949 237
669 481
733 504
521 896
785 36
337 467
75 260
519 720
145 736
755 406
750 16
385 894
83 463
206 765
790 670
835 905
851 542
941 737
835 467
780 738
763 133
874 855
6 1000
271 153
997 966
227 528
950 147
907 960
659 410
712 615
909 335
276 111
848 396
374 711
952 359
944 630
604 212
895 891
11 311
394 510
940 781
767 43
994 356
675 225
672 720
345 510
785 919
60 117
643 39
48 282
549 822
590 877
359 90
678 926
920 659
690 48
254 302
440 504
41 123
673 160
825 473
984 231
562 344
781 572
93 703
850 283
945 943
341 190
617 416
240 872
495 955
541 734
297 479
654 327
644 376
236 950
367 117
782 821
849 281
917 996
757 524
870 338
228 26
15 154
51 901
565 130
888 630
989 177
903 562
713 111
354 795
822 114
624 932
92 574
413 81
301 548
579 934
466 862
342 591
10 529
342 624
676 892
249 726
192 624
824 702
497 321
579 508
773 581
167 494
72 810
950 82
653 564
511 733
199 527
464 838
311 410
18 731
567 141
356 338
895 732
746 346
549 836
191 555
786 990
945 515
547 874
620 835
277 22
586 786
669 798
929 488
558 374
149 197
428 350
912 474
497 261
511 240
222 169
759 264
677 782
920 772
148 670
208 804
364 767
147 787
443 395
234 403
279 868
353 597
796 782
854 126
984 450
198 567
68 784
474 876
382 108
595 639
709 821
729 741
228 594
778 801
595 293
569 200
818 445
557 109
335 958
740 966
226 108
736 503
911 704
297 845
956 761
322 789
564 511
824 542
531 165
216 421
163 797
824 944
406 368
2 436
285 726
365 650
448 986
828 824
543 441
274 844
40 941
998 263
786 950
132 87
826 552
668 141
692 930
47 681
396 6
703 418
85 885
374 283
994 245
490 210
259 301
687 762
698 183
526 699
487 63
149 241
17 932
958 755
230 509
213 140
28 902
756 495
448 795
417 719
96 380
50 101
324 145
744 701
578 272
426 803
443 877
603 778
895 961
919 885
560 142
761 266
358 473
337 403
287 841
533 959
337 368
149 537
810 560
43 447
680 559
227 110
469 902
151 995
70 630
694 757
204 692
990 986
98 311
95 711
783 431
458 524
423 520
202 694
453 152
418 535
660 573
304 987
118 674
840 101
572 340
275 194
184 280
961 907
79 879
829 121
859 228
857 844
640 325
938 508
29 857
92 948
525 250
41 172
447 754
182 518
18 666
663 315
261 585
596 623
486 818
348 866
938 689
321 872
701 679
931 820
50 332
754 120
636 165
670 464
710 726
82 424
912 57
169 610
163 543
47 405
623 639
234 547
179 525
602 705
901 349
999 764
995 256
715 930
473 534
432 495
203 197
443 905
110 368
417 630
658 348
856 45
146 31
921 362
711 9
685 190
426 744
806 310
617 639
519 10
636 982
182 729
960 568
25 803
587 96
343 63
713 982
33 479
599 553
385 808
934 133
409 622
274 983
558 560
868 438
871 440
381 773
17 230
443 726
53 869
441 145
196 357
570 221
977 163
414 174
912 982
216 448
846 283
639 755
777 380
508 943
401 212
779 578
648 894
462 352
678 375
654 826
231 864
435 330
321 697
70 270
336 347
965 763
997 132
527 459
759 536
496 698
440 374
23 478
27 217
719 917
212 504
259 324
321 465
789 365
551 969
8 856
33 894
252 445
20 345
67 368
110 862
530 735
705 582
193 192
722 991
958 614
199 426
247 998
345 174
312 405
157 11
180 588
689 521
958 815
6 82
274 626
56 485
808 180
382 548
257 545
310 377
429 731
40 756
660 81
263 304
723 555
787 607
266 300
306 883
931 56
504 183
286 320
524 437
267 884
582 361
231 841
446 133
579 275
366 94
192 212
579 303
944 406
712 222
457 925
963 540
523 305
692 472
53 411
595 46
115 717
345 859
322 487
330 548
895 279
738 488
893 440
342 380
397 647
972 70
907 346
981 348
54 489
977 989
720 34
820 472
759 344
104 867
324 763
475 815
66 334
107 435
161 453
447 413
779 917
999 816
814 313
295 763
116 561
927 686
479 430
599 475
113 452
290 122
611 662
704 420
284 521
889 645
284 114
798 812
986 417
618 37
35 986
849 841
268 33
39 35
714 782
644 647
359 985
191 342
752 512
617 685
13 711
428 815
672 623
380 816
185 138
884 827
10 166
435 166
807 368
968 957
88 379
212 180
882 449
328 233
362 584
663 529
916 801
997 89
83 894
720 800
282 25
13 732
834 61
622 994
69 127
603 50
459 452
102 562
338 298
380 178
483 23
297 239
162 943
27 292
399 940
890 438
147 886
150 743
957 518
289 341
822 357
454 900
265 106
427 649
351 852
955 8
201 381
55 97
192 80
878 766
386 956
274 1
925 480
133 67
945 793
628 360
105 363
731 305
299 85
842 898
816 152
590 309
797 617
18 590
643 180
143 1
165 3
105 593
496 128
197 362
951 784
608 265
232 240
106 515
8 308
83 827
598 262
284 344
135 331
345 198
430 468
269 4
207 860
854 382
476 405
35 267
783 793
276 106
177 877
873 760
658 568
430 21
66 501
893 593
663 764
740 769
200 192
704 462
106 101
74 672
217 680
273 638
369 996
760 529
493 418
562 186
703 64
940 433
554 285
273 288
253 564
915 983
568 159
521 49
108 782
628 63
574 345
462 11
220 282
429 16
164 30
92 456
649 173
284 614
206 984
441 805
360 250
967 120
423 666
487 348
46 65
692 755
908 511
547 906
506 338
266 109
445 906
80 146
886 606
142 643
64 523
572 504
329 55
231 292
389 265
834 463
104 515
218 12
779 154
703 523
977 101
263 722
562 493
69 584
927 788
738 506
974 321
539 497
89 546
124 675
826 603
418 177
890 879
239 234
787 435
266 582
506 843
493 598
777 32
531 777
171 247
145 482
289 352
140 808
989 468
372 814
830 512
560 724
291 770
562 117
731 610
732 716
621 243
107 544
555 554
867 951
604 454
443 914
793 616
874 678
664 973
17 315
768 921
507 88
925 447
844 958
453 422
62 539
665 158
497 970
864 580
171 546
96 218
326 52
310 602
858 97
705 316
107 619
442 478
436 931
918 572
515 115
223 872
375 348
871 315
904 115
407 421
933 984
872 58
732 671
632 358
214 202
519 698
536 767
226 390
682 366
823 217
321 550
122 520
487 192
360 83
110 819
626 414
873 602
276 599
444 915
822 187
453 650
635 958
746 397
161 122
277 25
544 863
782 589
430 181
607 29
602 774
214 986
999 919
334 488
540 872
23 992
146 418
247 543
701 808
489 447
326 929
949 684
872 94
32 858
163 695
406 109
654 35
621 120
671 551
124 178
247 86
107 943
138 402
269 667
485 906
59 452
771 324
819 104
953 205
449 812
376 695
716 54
227 226
517 558
594 719
747 425
335 552
882 174
71 516
46 557
642 242
298 315
46 75
238 27
281 61
256 274
558 533
834 10
923 812
397 234
456 86
332 659
626 527
308 158
952 159
570 660
182 288
126 238
208 509
414 647
473 5
222 366
469 656
447 800
388 897
605 381
377 109
238 66
297 371
960 967
527 756
993 714
927 85
237 20
513 211
324 834
801 718
658 343
373 233
171 464
695 296
726 600
284 35
985 276
179 387
422 970
578 755
932 830
662 385
177 61
25 788
31 214
353 823
188 525
502 223
854 258
268 394
191 89
74 833
254 371
922 984
590 669
554 627
162 640
986 275
729 825
472 872
599 857
104 817
517 528
592 379
201 421
651 287
208 346
147 263
956 646
60 745
441 634
711 868
388 688
85 555
62 376
389 889
253 53
920 604
587 872
882 172
147 339
971 942
834 233
871 644
859 380
251 895
958 495
273 232
473 38
102 131
814 610
281 749
375 769
15 727
960 605
581 403
789 684
781 967
132 680
118 784
499 535
269 297
973 22
432 796
745 666
460 312
12 487
620 388
816 725
190 139
972 143
401 360
150 806
218 147
478 981
263 285
501 286
243 760
862 46
419 827
460 532
240 589
917 103
918 71
45 321
668 431
270 502
558 890
718 738
536 370
97 962
651 232
720 793
188 660
778 694
667 451
35 812
874 552
875 83
887 14
304 709
259 604
582 227
236 330
837 264
343 467
220 350
898 276
709 896
474 84
721 1000
648 516
581 362
681 969
309 185
510 528
152 953
889 297
876 764
354 807
620 616
905 143
391 401
588 319
411 419
355 529
465 523
498 895
603 23
335 17
651 234
741 877
686 101
608 327
969 91
641 474
34 243
68 509
234 739
809 57
698 402
904 58
100 959
929 252
835 617
394 976
414 887
34 887
88 649
582 846
756 318
721 970
511 807
801 86
150 588
384 443
906 798
617 216
25 532
852 42
175 114
235 837
421 398
350 403
545 845
331 949
141 855
794 32
180 886
960 265
850 468
875 453
532 77
342 418
185 370
684 674
679 768
658 929
272 321
384 300
398 849
33 140
341 476
492 348
792 342
521 615
359 267
112 854
999 160
46 721
834 361
809 419
865 749
815 523
416 111
34 472
385 38
678 564
651 255
486 397
99 953
276 576
12 937
896 903
892 648
515 588
775 66
651 270
415 439
441 764
308 751
770 71
473 538
916 469
143 399
649 987
246 710
440 995
921 262
994 415
25 891
723 356
117 35
66 474
169 440
930 971
252 827
729 274
790 159
513 815
970 411
358 112
536 588
583 897
46 395
984 463
608 154
231 305
54 493
949 376
197 103
24 569
560 522
319 817
625 155
54 432
826 397
26 857
737 477
855 177
356 318
872 142
777 454
950 586
785 961
166 504
197 156
588 926
393 620
452 691
961 536
778 27
954 292
736 801
778 16
601 372
898 545
171 573
594 22
682 760
822 253
851 481
328 847
838 513
686 433
776 609
478 221
815 14
903 632
607 541
282 61
676 425
264 258
665 668
589 769
577 258
294 627
341 420
679 640
413 515
688 409
906 146
249 881
875 377
539 785
494 472
801 916
666 689
127 403
874 58
681 825
445 689
32 561
476 456
497 447
235 683
726 828
731 831
576 870
791 582
269 183
990 240
279 565
665 156
934 826
750 703
487 533
908 68
20 441
367 518
726 92
646 250
136 34
875 519
158 523
515 426
581 858
191 517
661 512
498 225
445 137
588 820
550 221
247 516
715 713
96 21
470 455
111 783
334 739
698 19
848 392
119 887
972 443
161 769
514 941
501 169
733 847
582 649
110 897
325 97
955 659
709 710
66 560
678 259
817 184
64 3
736 709
794 581
17 632
468 713
102 716
434 435
412 532
962 454
31 553
128 746
823 926
63 48
705 879
283 597
88 511
804 94
301 690
854 300
373 722
183 96
618 990
177 880
181 63
464 753
178 861
62 808
476 458
446 60
811 173
981 822
731 162
255 709
720 999
729 171
470 842
883 451
181 289
961 695
741 218
26 629
38 477
816 34
388 799
649 26
737 576
181 366
875 175
258 55
95 284
668 802
286 950
576 37
840 663
371 553
646 68
623 880
332 273
270 817
574 93
738 481
226 746
947 300
959 656
618 597
460 873
879 370
877 608
78 972
337 606
647 461
991 517
430 403
403 801
888 420
363 780
743 290
486 785
391 873
735 843
186 822
775 311
617 763
841 438
173 560
346 64
613 604
417 838
128 45
827 134
485 284
625 436
433 268
886 711
817 204
732 506
473 243
695 660
28 972
92 666
612 434
931 427
213 342
874 829
437 982
804 486
767 24
547 701
80 328
489 826
577 822
93 780
566 932
500 593
606 166
318 347
189 482
386 609
46 602
860 195
973 112
535 59
324 593
854 280
460 101
287 348
214 662
434 864
754 912
470 71
736 152
53 369
126 847
401 897
761 793
183 936
927 656
75 803
797 119
356 11
316 12
201 708
553 301
988 96
293 767
46 732
922 379
611 220
456 2
359 634
198 194
730 885
461 97
712 816
785 905
404 263
897 277
310 554
378 187
762 339
479 642
59 202
20 470
615 451
178 370
573 542
245 958
397 240
701 401
127 712
938 128
126 541
188 831
390 518
521 479
76 825
344 401
805 552
237 922
2 984
494 704
282 324
982 412
160 499
816 96
463 21
790 603
731 411
674 707
913 912
934 674
562 850
119 699
276 533
207 871
250 802
410 244
654 204
769 525
308 524
406 735
792 254
999 555
506 275
582 888
744 496
760 443
165 310
309 449
89 419
376 628
386 722
367 789
553 782
157 673
672 13
342 126
578 907
339 615
747 364
871 687
210 550
656 867
836 701
690 891
92 625
313 146
279 390
613 859
236 178
51 103
396 725
770 100
750 388
939 56
831 509
236 903
568 498
470 129
144 584
470 984
291 855
473 248
43 823
60 71
422 193
171 7
400 19
32 50
163 88
814 558
677 376
414 129
465 284
634 126
431 117
129 712
624 725
666 471
173 333
196 761
760 841
661 682
453 89
745 87
834 385
334 904
517 460
805 748
13 764
700 626
587 525
650 852
186 299
818 918
869 833
940 520
56 123
248 600
331 494
725 884
706 335
985 359
127 857
385 865
252 779
875 500
580 633
986 740
306 393
515 406
252 601
949 37
816 720
318 105
424 554
60 369
955 208
376 754
364 959
794 144
151 615
417 100
384 863
361 895
702 503
619 855
145 215
687 719
704 526
837 483
134 261
341 493
613 261
235 866
859 62
711 40
837 313
4 347
361 937
967 934
24 341
954 360
756 81
50 999
846 423
126 361
404 903
129 1000
945 662
642 110
325 990
322 730
134 826
901 873
343 477
732 728
848 604
394 425
766 745
438 869
764 737
929 305
794 832
488 892
606 331
564 543
249 399
241 949
563 321
259 181
776 637
88 406
213 434
465 427
238 509
522 272
442 478
805 524
337 536
218 422
484 405
91 628
431 81
893 458
35 717
584 416
118 400
970 656
551 425
817 382
12 583
408 17
254 172
204 865
448 32
623 176
92 466
893 470
751 892
133 272
158 848
266 130
672 117
283 885
990 615
680 249
705 238
6 631
42 29
692 584
784 470
975 690
637 780
299 581
634 753
627 432
4 529
50 282
751 974
203 62
587 566
175 861
12 810
197 898
806 936
190 579
847 835
817 364
791 361
220 112
279 414
237 538
502 792
800 472
514 986
874 178
325 748
541 154
709 3
828 932
240 69
506 383
687 408
430 13
851 443
458 856
734 533
564 677
348 116
732 173
665 233
175 250
116 851
140 311
812 353
21 331
202 980
32 479
664 835
294 317
344 937
931 548
56 756
480 962
92 967
950 801
685 163
260 781
800 778
682 316
722 692
862 487
243 741
815 681
144 598
465 677
190 970
913 261
148 637
57 528
984 720
677 643
132 56
15 604
914 648
768 866
310 220
481 281
76 104
257 981
113 7
895 53
6 888
26 242
690 558
406 536
503 272
723 396
880 488
529 270
154 31
582 529
833 505
668 153
107 805
876 780
563 976
343 892
335 18
87 916
443 433
377 705
985 429
318 163
345 172
930 660
142 478
964 280
785 875
791 798
442 260
777 886
100 712
306 435
649 136
423 43
942 309
248 476
231 752
742 153
486 114
82 142
968 757
105 736
744 331
420 705
577 637
488 442
806 791
248 945
348 930
556 94
803 834
876 80
504 481
469 518
575 459
48 339
343 780
551 921
366 863
89 849
703 553
120 73
376 389
369 479
529 376
356 646
186 952
317 542
157 841
18 49
196 648
469 203
444 515
964 730
314 136
608 767
708 534
139 506
283 745
909 45
679 362
48 682
28 206
594 142
76 734
564 178
246 951
881 408
909 306
665 3
100 343
55 18
872 629
431 878
78 933
539 282
519 761
744 131
880 974
541 183
7 49
636 747
628 242
628 951
468 18
22 453
244 810
942 883
940 103
933 197
89 857
741 246
391 891
372 488
71 464
652 994
158 659
418 465
630 991
254 787
617 961
594 664
114 395
55 737
583 362
237 182
724 19
657 858
105 289
819 962
936 18
232 694
895 579
142 223
781 736
110 962
243 896
527 931
623 321
681 446
633 104
54 121
168 756
8 990
165 940
487 400
195 741
785 124
516 112
463 314
920 612
446 244
394 32
547 655
459 411
75 359
851 936
450 783
684 772
946 73
698 810
734 755
576 105
855 220
781 708
623 141
967 818
84 194
350 559
807 875
156 787
998 926
459 682
375 504
81 531
126 332
64 316
201 155
120 951
649 637
608 334
516 278
386 924
49 932
16 655
43 576
28 704
946 83
76 149
366 331
477 402
709 943
15 91
487 671
178 413
953 823
311 870
855 477
186 561
869 529
526 638
111 77
698 946
687 21
779 595
847 185
538 47
592 945
767 214
242 944
646 692
981 19
201 411
240 596
454 193
807 386
643 118
754 411
335 201
420 725
42 491
594 394
240 500
405 98
465 980
1000 325
965 661
990 185
447 575
926 896
55 884
865 158
356 78
302 714
186 917
387 203
32 989
806 157
869 623
52 419
877 671
651 271
422 182
435 376
216 353
987 51
164 530
81 758
51 558
737 297
43 446
794 486
614 993
964 618
723 810
639 252
769 246
505 181
81 25
278 601
68 257
613 373
269 627
160 657
575 973
860 345
474 436
890 862
811 623
973 258
481 124
540 428
303 649
155 792
551 485
981 195
491 480
885 582
170 968
614 584
401 261
126 217
664 136
354 948
575 143
87 269
832 924
869 804
566 504
152 552
751 762
514 983
902 964
771 805
212 711
154 291
1000 37
881 146
268 856
372 544
786 106
450 482
239 636
704 27
343 419
330 780
681 815
275 581
412 798
54 42
282 849
766 785
236 901
515 539
94 45
398 313
789 742
24 66
782 51
166 2
113 218
711 668
117 510
240 860
293 358
408 470
348 207
168 867
133 365
846 677
423 680
858 872
87 732
191 900
318 793
806 424
980 941
368 354
380 6
819 20
282 397
623 369
155 207
281 360
948 462
40 248
382 103
678 165
576 741
152 737
245 550
986 478
280 308
797 611
637 295
691 446
506 721
380 962
526 571
601 113
560 670
617 115
875 260
523 623
617 879
531 504
46 610
496 908
742 23
846 90
833 505
503 618
789 516
711 114
829 385
288 997
314 382
755 478
655 621
24 702
33 476
768 234
974 629
169 713
325 239
946 77
455 525
408 503
884 484
464 560
977 339
541 373
480 510
676 250
481 332
623 419
504 307
959 903
367 791
805 686
845 90
955 340
839 145
294 862
470 11
446 981
961 184
762 697
260 415
566 447
193 528
190 510
175 363
783 590
336 649
940 338
351 394
543 680
329 454
88 711
155 696
515 160
317 735
389 376
782 903
655 28
944 249
102 270
653 390
42 320
841 585
845 46
818 181
271 145
582 140
616 857
12 355
413 290
358 946
63 378
564 232
296 290
661 366
7 20
938 275
190 220
619 584
602 369
150 5
586 350
333 724
44 132
968 19
773 739
11 64
696 696
128 641
728 241
352 281
985 335
190 658
268 595
949 927
185 196
644 24
522 392
862 324
205 857
183 402
811 978
444 937
935 578
386 353
81 992
569 297
691 584
802 627
435 156
423 260
379 903
59 688
229 702
994 358
971 912
513 735
630 191
905 245
166 64
176 970
65 831
409 14
447 622
789 486
973 720
482 833
936 425
851 892
517 121
864 144
182 432
439 394
688 132
723 36
507 448
500 915
745 919
815 400
843 634
168 987
512 47
37 420
343 955
869 980
240 664
920 764
950 114
672 507
559 30
1 118
583 53
589 220
609 592
972 952
744 524
42 634
109 536
384 703
362 708
888 744
447 220
155 433
586 605
317 419
708 688
388 740
754 757
68 204
193 57
679 68
214 523
51 75
100 459
596 657
719 157
916 959
1 853
872 430
907 650
173 152
951 616
378 372
115 160
256 101
225 467
744 445
820 816
155 246
13 266
752 858
647 333
585 851
888 730
151 637
1 713
736 715
224 966
477 927
36 423
633 126
480 542
55 380
868 914
83 459
728 42
84 946
346 989
224 628
746 195
689 533
924 817
894 332
46 995
269 78
83 730
375 712
391 480
813 231
932 354
954 83
940 518
528 929
288 972
856 176
568 770
420 126
468 242
1000 140
130 903
648 863
97 984
819 969
510 356
993 495
557 927
816 92
770 828
637 879
912 851
666 368
162 308
131 560
928 293
565 561
237 529
288 156
654 954
532 994
973 344
883 429
255 450
646 520
690 516
506 468
931 218
764 524
528 612
379 811
105 66
29 933
12 586
941 659
66 592
707 867
572 101
620 960
345 995
115 541
292 999
544 432
258 456
728 180
481 888
806 687
768 144
529 38
226 961
901 678
380 176
230 813
450 850
811 543
349 193
55 317
752 101
166 107
843 742
526 321
727 680
595 61
418 904
128 414
534 183
778 348
918 13
919 342
872 528
448 468
753 700
995 991
669 821
404 429
838 971
820 913
856 13
474 403
834 746
50 44
175 187
723 100
198 893
286 880
686 942
531 390
86 894
390 386
460 32
66 166
437 600
204 374
509 247
252 554
295 861
216 359
278 550
201 272
13 169
1 65
164 773
909 797
844 476
856 544
198 477
505 383
262 108
430 334
286 917
512 882
744 929
704 241
323 720
219 727
890 680
666 523
394 644
669 9
259 409
474 720
536 613
152 278
210 1000
944 875
66 432
150 124
470 423
829 89
678 856
865 697
863 827
345 556
887 52
748 642
602 674
714 386
21 999
215 117
449 268
660 292
155 911
375 614
425 607
756 447
295 687
4 246
162 497
492 454
205 901
393 216
811 282
515 694
316 604
983 994
579 231
114 864
975 43
474 754
833 464
655 843
781 420
578 270
61 139
261 952
330 734
396 547
628 495
970 316
668 803
287 839
8 929
536 321
999 459
975 775
189 307
317 789
329 600
309 497
798 456
731 770
831 504
325 51
998 138
105 604
750 846
39 715
575 732
624 302
659 200
255 740
655 703
231 477
19 946
997 720
350 409
143 308
163 570
597 440
137 754
871 822
818 922
392 677
393 493
929 735
202 410
769 851
965 477
347 84
51 587
217 633
964 518
200 182
136 165
403 330
996 983
684 291
712 561
113 223
311 95
772 228
230 176
213 67
56 13
243 232
209 754
393 693
858 790
766 992
444 928
16 866
497 419
585 473
463 771
746 840
678 440
95 837
765 226
900 252
600 414
727 762
700 393
725 493
982 25
401 786
369 908
250 558
598 211
77 49
153 359
147 688
817 456
541 834
880 394
148 566
540 344
997 195
550 549
958 687
561 49
58 60
77 792
931 752
924 306
361 684
516 382
253 687
319 632
907 708
71 221
592 1
22 261
184 337
669 912
915 765
787 940
152 294
856 678
35 854
443 366
259 256
409 464
239 125
511 176
459 161
186 358
709 917
228 106
645 374
90 114
732 813
588 338
28 648
348 531
240 642
19 615
829 327
272 940
666 658
922 855
620 346
656 859
989 738
311 850
597 240
196 658
786 753
395 372
188 35
79 265
612 187
323 302
287 671
200 482
333 470
888 926
742 167
339 956
231 720
391 482
489 89
493 689
604 104
913 193
602 45
699 896
222 464
996 931
543 50
875 708
120 882
177 204
338 905
905 754
315 720
628 325
929 752
139 759
186 681
511 514
862 488
438 615
455 211
414 797
135 671
631 871
987 740
364 994
919 126
915 997
898 424
149 881
219 580
112 59
148 670
899 535
790 154
417 255
6 531
457 453
366 958
853 870
135 797
691 927
853 848
49 836
947 121
588 982
57 71
505 957
347 318
453 479
372 749
107 520
651 360
741 242
629 550
885 238
147 102
436 356
205 766
106 832
742 628
775 485
602 704
841 694
254 9
55 363
288 728
406 825
639 2
386 765
315 1
119 690
847 301
384 425
502 559
8 952
876 431
583 270
943 711
687 918
350 655
855 226
840 994
488 922
136 289
479 646
208 150
834 576
140 340
519 301
664 357
25 37
716 780
619 704
95 700
266 148
730 768
975 365
334 437
722 740
16 421
613 68
788 749
432 120
241 66
864 176
308 271
782 566
710 57
229 716
234 335
156 617
962 460
37 868
465 856
292 847
767 966
652 167
464 767
431 955
910 622
645 268
976 93
327 964
619 944
723 489
232 424
819 124
230 444
169 309
626 803
38 986
420 252
892 176
571 386
472 657
220 218
588 46
143 367
523 759
210 256
687 232
890 760
303 182
495 958
701 595
600 278
152 6
15 744
668 47
606 7
779 137
785 965
926 313
206 549
124 654
867 105
671 945
935 349
546 943
796 147
231 348
171 729
409 699
976 504
54 59
527 246
999 484
536 735
395 819
263 847
232 993
751 435
267 883
23 648
603 662
949 452
865 521
211 356
10 191
200 894
88 445
456 168
830 193
710 536
162 644
801 149
840 994
796 326
269 327
507 330
649 539
851 911
673 17
129 503
971 93
966 872
315 532
441 283
158 401
325 440
973 589
772 559
292 582
789 618
203 580
130 281
445 648
173 630
232 837
652 34
732 579
562 1000
783 369
456 857
688 884
244 119
234 550
57 933
820 792
823 55
871 970
869 839
175 234
667 847
85 468
45 262
549 538
53 900
276 564
943 64
244 57
108 309
162 374
463 272
239 526
236 677
271 619
322 322
839 420
398 564
818 423
890 177
333 729
654 798
81 212
966 834
305 512
99 882
173 469
191 94
255 400
747 892
980 133
555 500
324 731
437 452
981 238
309 292
813 553
517 517
687 970
51 541
169 250
251 470
187 37
671 601
690 135
316 404
701 680
327 588
872 338
472 711
95 472
278 496
373 817
946 176
623 981
424 11
786 607
604 842
628 996
497 207
721 627
752 286
716 917
23 17
377 583
432 372
952 477
467 731
285 970
486 265
614 949
932 283
693 862
277 596
887 826
421 546
412 875
638 440
39 59
490 973
320 682
859 837
848 95
14 319
869 635
529 103
431 68
656 381
82 472
934 165
93 32
657 696
410 592
407 836
119 812
40 15
301 260
76 105
511 723
679 867
636 309
9 842
809 88
67 9
729 228
319 814
182 373
583 955
789 593
961 40
212 669
842 527
807 581
944 936
244 252
452 126
916 896
872 698
451 249
869 87
297 867
185 405
754 403
502 602
435 335
126 222
542 152
526 733
144 84
409 762
16 359
719 602
923 171
213 23
334 584
623 751
803 229
362 100
681 927
415 597
357 985
661 612
69 805
191 913
806 546
190 544
835 519
327 246
994 623
64 697
938 149
887 121
152 865
765 194
338 779
713 883
451 512
711 276
256 196
554 259
106 455
87 376
445 690
749 458
816 307
378 737
711 23
615 997
830 432
79 47
838 351
20 86
964 132
963 413
536 147
569 180
708 937
445 115
558 392
456 390
967 760
578 221
837 543
687 395
213 225
538 82
29 755
121 813
802 628
113 983
381 277
43 66
467 995
919 289
925 635
312 106
373 85
169 294
3 836
910 316
567 717
453 861
495 661
190 657
915 496
242 81
695 992
552 990
521 35
942 723
964 448
341 654
316 99
965 237
402 55
324 670
970 19
681 239
324 1000
637 120
680 338
133 637
422 421
529 777
660 874
792 535
433 425
32 530
730 721
328 624
194 375
57 122
928 652
389 672
107 722
262 691
825 927
722 410
473 251
637 393
333 967
295 519
989 414
568 982
135 816
466 633
811 229
6 553
527 239
521 680
638 571
328 842
430 914
953 225
265 194
700 96
36 410
283 993
95 519
990 171
941 120
57 502
653 840
690 290
207 117
869 151
747 781
259 189
462 121
315 272
182 220
703 52
921 477
202 111
417 867
336 7
674 240
399 377
855 690
325 340
298 726
2 574
467 909
407 637
243 12
375 576
648 855
93 415
491 310
278 160
889 146
808 548
448 729
331 393
59 48
56 465
782 681
31 195
869 470
53 768
211 924
477 457
55 347
710 15
908 461
46 188
184 301
766 904
29 778
238 822
175 444
721 640
925 471
685 935
995 69
172 616
695 137
582 371
995 737
627 438
610 123
587 146
710 764
264 565
770 220
583 304
316 198
323 520
949 759
162 10
83 37
900 659
607 802
353 839
99 393
539 947
766 664
292 284
843 526
56 769
678 759
838 238
329 653
787 979
359 314
280 701
951 260
302 899
978 712
607 979
504 866
606 22
824 323
97 217
999 372
53 974
347 42
324 930
104 642
507 872
850 615
631 190
77 114
905 15
498 66
166 209
314 36
148 127
887 980
786 625
329 805
328 83
487 821
135 979
727 557
730 503
936 479
117 655
749 768
629 598
437 473
168 311
601 809
950 174
181 693
384 252
418 122
416 215
699 561
450 586
791 813
473 856
783 666
188 943
457 182
858 530
420 948
61 439
476 342
187 755
512 155
762 747
426 946
781 172
935 62
218 781
392 314
375 435
376 575
372 197
423 803
601 370
495 612
67 736
21 590
732 446
113 473
337 516
177 318
48 273
267 299
241 429
594 525
4 425
123 478
971 395
145 872
97 126
525 529
492 554
50 223
615 575
32 853
836 104
71 910
768 518
119 889
558 226
733 934
160 456
16 825
371 112
853 420
747 790
264 866
951 700
652 777
334 615
205 447
763 887
403 113
957 587
570 855
593 5
880 516
500 145
935 701
499 988
748 200
646 34
46 503
605 192
115 973
545 556
919 280
470 770
815 576
255 680
53 94
243 356
308 40
679 556
343 69
828 799
301 292
282 514
400 658
925 37
230 627
831 535
119 320
86 95
841 506
303 909
816 214
787 241
97 834
977 970
593 599
909 849
722 263
607 103
902 488
391 379
831 274
472 441
566 102
282 432
826 136
596 139
299 390
745 986
759 945
139 113
157 299
302 810
185 241
270 119
16 492
867 194
412 243
140 144
673 411
810 19
81 185
862 912
526 743
718 217
614 445
68 467
627 122
183 186
139 843
774 99
93 412
226 522
278 653
740 430
443 830
735 162
424 702
758 989
872 800
385 388
645 735
364 655
715 124
737 545
768 709
624 795
303 792
883 4
701 113
567 834
299 424
127 692
637 686
331 347
370 962
666 557
646 935
788 588
716 536
227 591
992 270
482 640
236 121
335 878
921 790
613 571
712 592
677 113
777 466
326 944
868 268
866 147
607 956
563 556
583 230
461 557
698 751
942 584
837 295
620 681
449 341
30 75
811 911
78 224
868 626
949 886
638 703
528 110
793 735
305 902
621 256
560 41
816 96
524 725
634 81
92 86
302 982
667 761
76 365
108 659
206 541
34 331
768 354
44 766
435 231
558 346
483 764
419 476
240 808
906 910
42 424
647 59
697 416
67 725
643 345
318 881
519 76
876 817
1 718
582 35
271 429
99 360
484 82
551 127
603 647
234 202
135 139
491 170
120 139
167 47
696 580
109 186
342 886
468 863
435 467
391 365
539 336
559 632
519 179
938 857
41 934
811 115
31 451
378 585
795 441
366 255
842 509
656 6
948 420
425 509
516 144
726 108
448 985
571 298
603 430
950 593
425 709
870 608
275 223
908 538
452 95
224 861
42 213
679 302
41 614
595 402
349 934
460 912
478 664
158 710
641 84
962 865
365 571
106 857
995 496
151 92
17 904
461 289
376 875
978 400
133 195
987 248
853 196
239 793
541 220
272 900
121 565
663 264
739 145
839 22
206 950
333 678
227 226
798 715
508 392
898 925
704 915
536 894
606 163
257 296
125 222
793 188
955 936
52 749
628 542
853 943
510 368
381 26
250 909
42 532
526 763
94 405
201 551
338 708
534 242
18 99
149 333
298 503
334 670
673 114
384 435
861 212
161 14
376 999
526 594
770 810
333 397
766 897
113 903
721 202
455 482
568 483
806 170
290 827
412 110
151 214
95 520
502 565
1000 954
637 757
231 945
644 606
491 110
427 287
897 26
406 641
999 34
573 489
489 908
433 289
387 777
652 505
816 980
577 26
291 497
796 292
276 649
866 425
142 589
132 369
742 769
272 503
990 531
401 827
395 980
856 538
348 831
355 275
644 559
117 299
578 526
565 196
847 883
956 985
319 467
249 693
579 771
199 949
534 709
570 507
927 378
846 596
39 303
817 644
876 26
242 1
364 863
201 661
558 382
200 456
173 247
459 181
607 393
156 659
693 407
74 600
452 581
83 545
20 169
